Query: aerodynamics AND slipstream
Stemmed query: aerodynam AND slipstream
Matched documents: 5
1,453,1064,1089,1164

Query: boundary AND layer
Stemmed query: boundari AND layer
Matched documents: 370
1,2,3,4,7,8,9,12,16,17,21,22,23,24,25,34,36,37,40,43,45,49,50,53,54,55,59,61,62,63,71,72,73,74,76,79,80,84,89,94,96,97,101,104,105,107,111,112,117,121,123,124,125,126,128,131,133,134,135,140,142,145,148,150,155,165,168,170,172,173,174,179,180,182,186,187,188,189,191,192,205,207,209,220,222,241,242,244,254,255,256,260,261,265,267,269,271,272,276,282,291,292,293,294,299,300,303,304,305,306,307,308,309,310,311,314,315,316,318,321,322,324,325,326,327,328,329,333,334,335,336,337,338,339,340,342,343,344,345,346,347,348,349,352,353,355,358,363,364,365,366,373,375,376,377,378,381,382,383,386,388,393,394,395,397,406,413,416,417,435,439,455,457,458,459,460,461,475,477,478,479,481,484,487,489,493,502,504,505,525,526,527,528,529,535,537,538,540,547,553,555,559,560,562,563,564,565,568,569,570,572,573,576,604,608,610,611,623,625,628,629,630,645,646,651,652,655,659,661,662,663,664,666,667,668,671,672,679,689,696,710,754,784,785,788,789,792,794,796,798,799,808,861,872,892,899,903,912,925,933,939,944,959,960,961,962,964,965,972,973,974,976,977,979,992,996,1040,1053,1055,1061,1072,1076,1080,1100,1106,1107,1109,1142,1149,1154,1155,1157,1180,1182,1184,1185,1187,1188,1191,1192,1198,1199,1200,1205,1209,1211,1212,1213,1214,1215,1216,1220,1222,1225,1226,1228,1235,1236,1237,1240,1241,1245,1250,1251,1254,1257,1260,1261,1263,1264,1268,1274,1278,1281,1282,1284,1288,1300,1301,1302,1307,1310,1311,1313,1319,1322,1323,1324,1325,1347,1351,1353,1354,1355,1364,1365,1366,1368,1370,1371,1372,1375,1381,1382,1383,1384,1385,1386,1394,1395

Query: heat OR transfer
Stemmed query: heat OR transfer
Matched documents: 324
5,6,12,13,20,21,22,23,24,28,29,30,36,37,44,45,47,49,50,51,54,55,61,62,66,68,71,72,73,74,77,81,82,84,85,88,89,91,92,94,95,98,101,102,110,119,120,123,128,131,135,142,144,145,154,158,159,160,162,163,164,166,168,169,181,182,185,193,240,260,262,263,267,268,269,270,272,274,275,283,294,295,302,303,304,305,306,307,310,314,325,328,329,332,333,338,339,342,343,344,347,348,349,350,352,353,354,355,364,365,366,369,375,378,383,387,395,396,398,399,406,407,414,421,435,436,437,438,463,466,476,480,481,485,486,489,493,497,500,509,518,522,524,525,538,539,540,542,546,547,549,550,552,553,554,555,559,560,564,565,566,570,571,572,575,576,579,580,582,584,585,586,587,588,603,604,606,620,621,623,625,628,629,635,645,646,651,655,661,662,666,667,668,670,689,690,695,707,711,715,717,746,754,756,767,773,784,789,859,860,861,865,869,870,872,873,876,877,886,888,899,912,944,959,962,963,966,968,974,975,978,979,980,981,982,983,997,1002,1003,1004,1008,1027,1040,1061,1072,1073,1077,1096,1097,1098,1099,1100,1101,1104,1106,1107,1140,1143,1147,1148,1149,1158,1159,1161,1177,1178,1179,1183,1185,1191,1192,1198,1199,1200,1204,1207,1213,1215,1217,1219,1220,1222,1226,1236,1237,1241,1244,1250,1255,1258,1263,1264,1268,1270,1279,1281,1282,1283,1294,1295,1300,1305,1307,1313,1315,1328,1335,1336,1344,1345,1346,1348,1354,1355,1361,1362,1366,1375,1379,1381,1386,1393,1394,1395

Query: shock AND waves
Stemmed query: shock AND wave
Matched documents: 149
2,25,64,65,71,72,93,110,132,142,169,170,171,175,177,178,187,190,192,193,201,205,212,221,252,253,256,262,263,265,291,308,309,310,311,317,319,328,329,334,335,345,373,384,401,402,403,410,411,415,421,439,456,469,482,495,496,503,504,517,518,552,556,557,568,569,572,575,595,609,612,625,654,656,663,665,692,693,694,793,794,798,800,803,804,805,806,807,810,903,917,939,947,949,974,976,993,998,1006,1007,1010,1077,1107,1114,1151,1156,1157,1179,1181,1186,1189,1198,1202,1203,1208,1225,1228,1230,1238,1239,1245,1247,1248,1252,1257,1258,1267,1274,1276,1298,1300,1303,1307,1310,1312,1313,1314,1315,1316,1317,1318,1319,1327,1356,1364,1367,1389,1390,1391

Query: supersonic AND nozzle
Stemmed query: superson AND nozzl
Matched documents: 35
97,118,127,131,136,157,172,173,174,177,212,213,215,221,276,301,430,511,519,529,608,636,691,694,696,773,774,970,993,997,1143,1187,1195,1288,1366

Query: flows OR pressures
Stemmed query: flow OR pressur
Matched documents: 931
1,2,3,4,6,7,9,10,11,14,15,16,17,18,19,20,21,22,23,24,25,26,27,28,33,34,35,36,37,38,39,44,45,48,49,50,51,52,53,54,55,56,57,58,59,60,61,62,63,64,69,70,72,73,74,75,76,77,79,80,81,84,85,86,87,88,89,91,92,93,94,96,97,98,101,102,103,105,106,109,110,112,114,115,116,117,118,119,120,121,122,123,124,125,126,128,131,132,133,134,135,138,139,140,141,144,145,146,147,148,149,150,152,155,157,159,160,161,165,166,167,168,169,170,171,173,174,175,176,177,179,180,182,183,184,185,186,187,188,189,190,191,192,193,194,196,197,198,199,201,203,204,205,206,207,208,209,210,211,212,213,214,215,216,217,220,221,222,224,225,226,227,228,229,230,231,232,234,236,237,239,240,241,242,243,244,245,247,248,250,252,257,258,259,261,262,263,265,266,267,268,269,270,273,274,276,277,278,280,282,283,285,287,288,289,291,292,294,295,296,297,298,299,300,302,303,304,305,306,307,308,309,310,311,312,313,314,315,316,317,318,319,321,322,323,324,325,326,327,328,329,332,333,334,335,340,341,342,344,345,346,347,348,349,351,352,354,356,358,360,361,363,364,365,366,369,370,371,372,373,375,376,377,378,379,380,381,382,383,385,386,387,388,389,391,393,394,395,398,401,402,403,404,406,407,409,410,411,413,414,415,416,417,418,420,421,423,426,427,428,430,431,433,435,439,440,442,443,444,445,450,452,453,454,455,456,457,458,459,460,461,464,465,466,467,468,469,470,472,473,475,477,481,483,484,485,486,487,488,489,490,491,492,494,495,496,498,500,501,503,504,506,507,508,511,513,514,518,519,521,522,523,525,526,527,528,529,530,531,533,534,535,536,537,538,539,540,541,544,545,547,549,550,556,557,558,560,561,562,563,564,565,566,567,569,570,571,572,573,574,575,576,577,578,579,583,587,588,589,590,591,592,593,595,597,599,600,601,602,603,604,605,606,607,608,610,612,623,624,625,626,627,629,630,631,632,633,634,635,636,637,646,650,651,652,653,654,655,656,657,658,659,660,661,662,663,664,665,666,667,668,669,671,672,673,675,679,680,681,682,683,686,687,688,689,690,691,692,693,694,695,696,697,699,700,701,702,704,705,706,710,714,719,720,721,722,723,727,729,733,743,748,749,750,751,754,757,758,761,763,765,766,767,770,771,772,773,774,775,779,781,783,784,785,789,791,792,793,794,795,797,798,799,800,801,802,803,804,805,806,807,808,809,810,811,814,815,817,818,820,825,827,830,831,838,839,846,847,848,852,856,857,858,859,869,872,873,876,891,892,893,894,895,897,899,900,901,902,903,904,905,906,907,915,916,917,918,919,920,921,922,924,926,927,933,934,937,938,939,940,941,942,943,944,945,946,947,948,949,952,954,955,956,957,959,960,961,963,964,965,966,967,970,971,972,973,974,975,977,979,980,981,983,984,985,986,987,988,989,990,991,992,993,994,996,997,998,1000,1001,1002,1003,1004,1006,1007,1008,1009,1010,1011,1014,1021,1024,1031,1033,1034,1039,1040,1042,1043,1045,1046,1047,1051,1052,1053,1054,1055,1056,1061,1062,1064,1066,1067,1068,1070,1071,1072,1073,1074,1075,1076,1078,1080,1081,1082,1083,1084,1085,1086,1090,1091,1092,1093,1097,1103,1104,1105,1106,1107,1108,1110,1111,1112,1114,1116,1117,1118,1119,1124,1125,1126,1128,1129,1130,1131,1132,1133,1134,1135,1136,1137,1139,1141,1142,1143,1144,1145,1148,1149,1151,1153,1154,1155,1156,1157,1158,1159,1164,1165,1166,1171,1172,1173,1175,1179,1180,1181,1182,1183,1184,1185,1186,1187,1188,1189,1190,1191,1193,1194,1195,1198,1200,1201,1202,1203,1204,1205,1207,1208,1209,1210,1212,1213,1216,1220,1221,1222,1223,1224,1225,1226,1227,1228,1229,1230,1231,1232,1233,1234,1235,1236,1237,1238,1239,1241,1242,1244,1245,1246,1247,1248,1249,1250,1251,1252,1253,1254,1255,1256,1258,1259,1260,1261,1262,1263,1264,1265,1266,1267,1268,1269,1270,1271,1272,1273,1274,1275,1276,1277,1278,1280,1281,1282,1283,1284,1285,1287,1288,1289,1292,1295,1296,1297,1301,1302,1303,1304,1306,1307,1309,1310,1311,1312,1313,1315,1318,1319,1321,1322,1323,1324,1325,1326,1328,1330,1332,1334,1335,1336,1339,1341,1343,1349,1350,1351,1352,1353,1354,1355,1356,1364,1365,1366,1367,1368,1370,1371,1373,1374,1375,1377,1378,1379,1381,1382,1383,1385,1386,1390,1391,1393,1394

Query: laminar AND separation
Stemmed query: laminar AND separ
Matched documents: 51
16,49,54,55,59,62,89,94,111,145,155,187,189,191,244,292,300,315,327,455,457,459,461,484,487,489,522,526,527,534,562,623,798,899,933,943,959,966,996,1040,1182,1228,1278,1287,1364,1367,1382,1383,1384,1385,1386

Query: hypersonic OR viscous
Stemmed query: hyperson OR viscou
Matched documents: 251
2,9,14,17,19,20,25,26,27,28,35,36,37,56,57,63,68,73,81,84,85,93,94,97,98,101,112,117,122,123,124,128,131,133,134,139,147,153,160,179,188,192,208,211,222,228,232,240,257,263,267,272,294,295,298,299,300,304,305,307,308,309,310,317,318,319,323,324,327,328,329,332,333,334,342,347,351,353,354,355,359,360,361,363,364,369,371,372,373,383,387,389,394,401,417,418,421,444,455,465,475,477,481,488,494,495,496,497,504,508,523,525,530,535,536,537,540,541,544,552,553,556,557,567,568,569,570,571,572,573,574,575,576,577,602,603,604,625,626,629,630,646,653,655,656,663,665,666,667,670,686,688,689,707,708,712,786,787,788,925,927,939,941,967,976,981,983,992,997,1002,1003,1007,1009,1072,1076,1078,1080,1081,1082,1083,1084,1085,1086,1149,1157,1158,1159,1179,1183,1184,1188,1198,1200,1201,1204,1205,1209,1213,1214,1218,1219,1229,1230,1231,1234,1235,1238,1240,1244,1248,1250,1251,1253,1255,1265,1272,1273,1274,1279,1281,1285,1295,1296,1297,1299,1304,1305,1309,1310,1311,1313,1318,1319,1322,1349,1351,1353,1354,1356,1368,1370,1371,1373,1374,1375,1378,1379,1390,1391,1394,1395

Query: compressible AND turbulence
Stemmed query: compress AND turbul
Matched documents: 26
16,17,72,125,131,135,151,187,255,271,336,343,346,348,376,377,535,538,961,1184,1212,1237,1241,1281,1372,1374

Query: lift OR drag
Stemmed query: lift OR drag
Matched documents: 235
1,25,44,57,61,69,70,77,86,89,124,125,141,146,147,163,164,172,176,179,186,188,200,203,204,206,211,225,226,227,229,230,231,232,233,234,235,245,246,247,248,250,252,253,260,263,275,279,288,311,312,356,357,359,360,363,371,379,383,384,406,411,415,416,423,428,431,441,443,446,448,449,452,453,456,465,470,484,486,503,513,516,520,530,547,548,561,566,567,573,575,599,601,613,614,615,617,618,624,625,631,632,633,637,638,650,671,672,673,674,675,677,678,679,680,682,683,685,692,698,699,700,701,702,704,705,706,708,709,711,712,713,719,753,757,758,759,772,779,780,781,785,787,791,792,794,796,797,799,801,803,807,809,811,812,815,816,899,901,918,920,921,922,923,924,927,975,976,991,992,994,1000,1062,1074,1075,1076,1080,1081,1089,1092,1093,1124,1141,1155,1164,1186,1188,1193,1196,1201,1204,1209,1212,1214,1217,1218,1219,1239,1243,1246,1247,1249,1256,1259,1265,1266,1277,1280,1287,1289,1291,1299,1300,1305,1323,1325,1328,1329,1330,1331,1332,1333,1334,1339,1343,1344,1345,1346,1347,1348,1352,1355,1373,1380,1384
