Query: aeroelastic AND aircraft
Stemmed query: aeroelast AND aircraft
Matched documents: 5
12,14,78,184,202

Query: aeroelastic OR aircraft
Stemmed query: aeroelast OR aircraft
Matched documents: 84
12,14,29,47,51,75,76,78,100,141,172,184,195,202,209,220,237,245,251,253,284,311,328,345,364,374,390,415,416,453,486,497,658,685,721,724,725,726,729,746,747,781,791,792,804,810,811,836,875,878,882,883,884,908,909,911,914,917,925,948,1012,1042,1051,1064,1066,1089,1144,1163,1165,1166,1167,1168,1169,1170,1197,1239,1246,1300,1328,1331,1332,1334,1361,1380

Query: dynamics AND effects
Stemmed query: dynam AND effect
Matched documents: 34
110,140,190,201,210,286,290,297,328,342,395,531,650,714,766,783,792,858,859,905,939,953,1001,1004,1008,1009,1066,1144,1165,1203,1289,1296,1321,1331

Query: dynamics OR effects
Stemmed query: dynam OR effect
Matched documents: 586
1,2,4,7,8,9,11,14,21,23,24,25,26,27,29,32,33,36,39,40,42,43,44,49,51,52,53,55,57,58,59,60,61,66,67,68,69,73,74,76,79,80,81,82,83,85,87,94,95,96,100,102,105,110,113,114,117,120,123,124,125,128,129,131,132,133,139,140,141,142,145,147,151,152,156,163,165,166,168,170,171,172,173,174,176,179,182,184,186,187,188,189,190,193,197,198,199,201,204,205,208,209,210,211,217,219,220,222,229,230,233,239,240,242,244,245,249,252,254,258,259,260,261,262,267,269,270,274,275,276,282,285,286,287,288,290,291,293,296,297,299,303,304,306,308,311,315,316,317,318,319,324,326,328,329,331,334,337,338,340,341,342,344,345,346,347,349,353,355,362,363,367,371,375,377,380,390,391,395,397,401,403,406,416,417,425,427,431,433,434,435,437,441,442,443,444,445,446,447,448,449,450,453,456,466,481,484,489,493,494,496,503,506,511,513,515,516,517,518,519,520,528,529,531,534,535,536,541,543,546,547,548,550,553,559,560,562,565,566,568,572,573,574,576,580,588,590,593,594,597,598,600,601,602,603,604,606,610,613,614,615,618,620,623,624,625,628,629,633,634,636,638,645,646,649,650,653,655,657,658,660,661,662,664,666,667,671,672,673,675,678,679,683,684,685,686,688,690,692,693,695,697,701,707,710,711,712,713,714,715,717,720,721,729,737,746,749,751,753,754,759,760,762,763,764,765,766,769,773,780,781,782,783,784,788,790,792,794,796,797,798,799,800,803,806,807,809,811,815,822,823,824,826,828,838,839,846,847,848,849,856,857,858,859,860,865,867,870,874,875,876,887,892,894,896,897,899,902,905,909,912,914,915,917,919,923,924,925,927,928,930,933,939,941,942,943,946,948,949,953,954,956,959,961,962,964,966,971,972,973,974,975,976,983,991,992,993,994,996,997,998,999,1000,1001,1002,1003,1004,1005,1006,1007,1008,1009,1010,1011,1013,1018,1019,1024,1030,1031,1039,1040,1047,1051,1052,1057,1062,1064,1066,1069,1074,1075,1076,1077,1082,1091,1092,1093,1094,1095,1096,1097,1098,1099,1100,1106,1107,1109,1110,1111,1113,1115,1126,1128,1131,1132,1139,1142,1144,1147,1153,1154,1156,1157,1159,1163,1164,1165,1166,1167,1169,1172,1173,1177,1184,1188,1191,1196,1201,1203,1204,1205,1207,1211,1212,1213,1215,1217,1218,1220,1221,1223,1224,1225,1227,1229,1232,1235,1237,1239,1241,1243,1244,1247,1249,1251,1259,1263,1264,1265,1269,1270,1271,1273,1274,1277,1279,1281,1282,1287,1289,1290,1292,1295,1296,1297,1300,1307,1309,1310,1311,1313,1316,1317,1319,1321,1322,1323,1324,1326,1331,1337,1338,1339,1341,1342,1346,1349,1350,1351,1352,1355,1356,1361,1362,1364,1366,1367,1371,1375,1380,1381,1386,1395,1396,1400

Query: hypersonic AND wake
Stemmed query: hyperson AND wake
Matched documents: 5
17,85,536,976,1183

Query: hypersonic OR wake
Stemmed query: hyperson OR wake
Matched documents: 211
2,9,17,19,20,25,26,27,28,35,36,37,56,57,63,68,84,85,89,93,97,101,121,122,123,124,126,134,138,148,152,154,160,186,192,211,232,263,272,278,282,289,294,295,304,305,307,308,310,311,317,318,319,323,327,328,329,332,333,334,342,347,353,354,355,359,360,363,364,369,371,372,373,375,401,409,421,433,446,449,481,488,494,495,497,508,520,523,525,527,530,535,536,537,540,541,544,552,553,556,557,558,563,567,568,569,570,571,572,573,574,575,576,577,602,603,604,625,626,629,655,656,663,665,666,667,670,672,686,688,689,707,708,712,714,799,925,927,939,943,960,976,979,981,983,997,1002,1003,1007,1009,1040,1076,1080,1141,1152,1157,1158,1159,1179,1183,1184,1196,1198,1200,1201,1204,1205,1213,1218,1219,1229,1230,1231,1234,1238,1248,1253,1255,1272,1274,1277,1279,1281,1285,1295,1296,1297,1299,1304,1305,1309,1310,1311,1318,1319,1329,1349,1351,1353,1354,1356,1368,1371,1373,1374,1378,1379,1390,1391,1394,1395

Query: flutter AND steady
Stemmed query: flutter AND steadi
Matched documents: 11
14,52,363,380,444,704,753,894,899,1272,1339

Query: flutter OR steady
Stemmed query: flutter OR steadi
Matched documents: 151
2,3,4,14,15,52,59,60,82,88,89,97,112,117,128,152,153,155,167,171,187,193,201,202,267,278,285,297,309,310,332,334,342,351,362,363,375,379,380,390,391,441,442,444,458,461,472,475,477,486,495,496,500,527,530,553,568,572,583,593,595,627,634,643,658,660,685,686,699,700,701,704,705,707,719,746,747,748,749,753,766,781,782,783,792,798,810,856,857,858,859,864,871,874,876,878,879,880,894,896,899,914,916,917,927,948,967,977,987,1008,1020,1021,1023,1028,1063,1078,1080,1081,1082,1083,1084,1085,1111,1114,1141,1147,1149,1170,1181,1184,1191,1194,1196,1206,1221,1242,1243,1254,1260,1269,1270,1272,1273,1275,1290,1330,1337,1338,1339,1341,1369

Query: viscosity AND reynolds
Stemmed query: viscos AND reynold
Matched documents: 23
7,43,50,54,55,62,73,80,115,132,151,185,255,328,417,630,671,941,962,1007,1082,1159,1226

Query: viscosity OR reynolds
Stemmed query: viscos OR reynold
Matched documents: 239
2,7,8,9,16,17,25,37,43,50,53,54,55,62,63,73,76,79,80,81,82,89,96,99,103,115,117,120,123,125,128,132,133,134,139,141,149,151,152,165,170,171,174,179,182,184,185,187,188,189,197,199,205,208,212,218,223,225,228,238,244,254,255,257,261,272,294,299,302,304,306,307,314,315,328,329,331,338,343,346,347,351,352,361,371,372,375,389,413,417,423,434,441,443,458,460,474,475,477,486,487,491,493,504,505,517,519,522,530,536,537,554,555,560,562,563,564,565,566,572,576,610,611,630,636,646,657,662,663,664,666,667,668,670,671,675,689,690,694,696,709,710,712,713,759,776,780,787,793,794,796,798,808,812,815,816,861,874,917,927,941,947,949,959,962,964,965,967,970,971,972,976,979,992,993,996,999,1007,1010,1027,1028,1040,1072,1076,1078,1080,1081,1082,1085,1107,1152,1154,1159,1188,1191,1198,1205,1211,1212,1214,1215,1218,1221,1222,1226,1229,1239,1242,1244,1251,1254,1256,1257,1258,1263,1264,1278,1281,1284,1292,1295,1300,1302,1313,1322,1324,1347,1349,1351,1355,1364,1365,1367,1372,1374,1378,1381,1394,1395

Query: heat AND stagnation
Stemmed query: heat AND stagnat
Matched documents: 80
24,54,62,82,84,101,110,123,142,272,283,294,303,328,329,349,352,353,354,364,366,369,375,437,438,486,522,524,539,553,555,559,564,565,571,572,576,603,628,629,635,645,662,667,668,689,707,773,876,899,983,1003,1040,1096,1097,1098,1099,1100,1101,1104,1143,1158,1159,1161,1191,1198,1204,1215,1222,1236,1258,1279,1295,1307,1344,1348,1386,1393,1394,1395

Query: heat OR stagnation
Stemmed query: heat OR stagnat
Matched documents: 360
5,6,11,12,13,20,21,22,23,24,28,29,30,35,36,37,44,45,49,50,51,54,55,58,59,61,62,66,68,71,72,73,74,77,81,82,84,85,88,89,91,94,95,98,101,102,110,116,119,120,123,128,131,135,142,144,145,154,158,159,160,163,164,166,168,169,176,181,185,193,240,260,262,263,267,268,269,270,272,274,283,292,294,295,300,302,303,304,305,306,307,310,314,318,323,324,325,328,329,332,333,338,339,342,343,344,347,348,349,350,352,353,354,364,365,366,369,375,378,383,387,394,395,396,398,399,406,407,414,421,435,436,437,438,463,466,476,481,483,485,486,489,493,497,500,501,509,518,519,522,524,529,533,537,538,539,542,546,547,549,550,552,553,554,555,559,560,562,564,565,566,570,571,572,575,576,579,580,582,584,585,586,587,595,603,604,606,620,621,623,624,625,628,629,630,635,645,646,651,655,659,660,661,662,666,667,668,670,688,689,690,695,707,711,715,717,746,754,766,767,773,784,789,794,858,859,860,861,865,869,870,872,873,876,877,886,888,899,912,939,944,947,948,949,959,962,963,966,968,972,973,974,975,978,979,980,981,982,983,988,989,997,1002,1003,1004,1007,1008,1009,1010,1027,1040,1061,1065,1072,1073,1077,1096,1097,1098,1099,1100,1101,1104,1106,1107,1140,1143,1147,1149,1157,1158,1159,1161,1177,1178,1179,1182,1183,1185,1191,1192,1193,1195,1198,1199,1200,1204,1205,1207,1209,1213,1215,1217,1219,1222,1226,1236,1238,1241,1244,1250,1253,1258,1263,1264,1268,1274,1279,1281,1282,1283,1294,1295,1300,1305,1307,1313,1315,1318,1319,1328,1335,1336,1344,1345,1346,1348,1354,1355,1361,1362,1366,1375,1379,1381,1383,1386,1393,1394,1395

Query: oscillatory AND transonic
Stemmed query: oscillatori AND transon
Matched documents: 1
815

Query: oscillatory OR transonic
Stemmed query: oscillatori OR transon
Matched documents: 83
32,38,67,118,121,124,157,197,214,216,235,252,265,272,312,313,315,335,404,415,431,433,439,440,466,467,468,469,496,503,516,521,526,593,594,627,638,639,685,699,701,702,704,709,716,717,750,755,757,780,790,795,796,797,798,799,800,801,815,876,879,880,902,903,916,917,918,919,924,927,991,1000,1006,1114,1153,1154,1224,1272,1290,1320,1338,1339,1341

Query: creep AND buckling
Stemmed query: creep AND buckl
Matched documents: 26
833,950,951,1012,1013,1014,1015,1016,1017,1018,1019,1020,1021,1022,1023,1024,1025,1026,1027,1028,1029,1030,1031,1034,1035,1052

Query: creep OR buckling
Stemmed query: creep OR buckl
Matched documents: 136
15,31,400,412,419,550,642,658,739,740,741,742,743,744,760,761,763,765,766,767,769,820,822,823,824,825,826,827,829,830,831,833,837,838,839,843,856,857,858,859,862,863,864,866,869,870,871,885,886,887,888,889,890,891,894,897,898,915,926,928,929,932,935,936,937,948,950,951,952,956,957,1012,1013,1014,1015,1016,1017,1018,1019,1020,1021,1022,1023,1024,1025,1026,1027,1028,1029,1030,1031,1032,1034,1035,1037,1048,1050,1051,1052,1053,1055,1060,1067,1068,1070,1071,1116,1117,1119,1120,1121,1122,1123,1126,1127,1131,1132,1145,1146,1172,1173,1174,1176,1177,1178,1214,1357,1358,1359,1362,1387,1392,1396,1398,1399,1400

Query: pressure AND wing
Stemmed query: pressur AND wing
Matched documents: 91
14,76,92,97,147,189,191,205,222,225,226,227,230,247,250,252,287,289,311,364,379,415,416,431,464,465,466,486,513,545,599,601,612,633,636,637,652,671,672,673,675,679,680,681,692,693,694,695,696,704,714,757,781,783,791,794,798,801,808,809,811,901,917,921,924,927,970,971,991,1062,1064,1074,1075,1090,1091,1092,1111,1144,1184,1188,1207,1208,1229,1233,1239,1246,1271,1276,1277,1336,1355

Query: pressure OR wing
Stemmed query: pressur OR wing
Matched documents: 687
1,3,10,11,13,14,15,16,19,20,25,27,30,31,35,36,37,38,39,42,44,49,52,53,54,55,56,57,58,59,60,62,63,64,69,70,74,75,76,77,78,79,80,84,85,89,92,94,95,96,97,101,109,110,112,114,115,116,120,121,122,123,124,126,128,133,134,138,139,140,141,146,147,152,155,165,166,168,169,173,174,175,176,177,179,183,185,186,187,188,189,191,192,193,194,195,196,197,198,199,200,202,204,205,206,209,210,211,212,213,215,216,220,222,224,225,226,227,229,230,232,234,235,236,239,240,241,242,244,245,246,247,248,250,251,252,256,257,258,259,262,263,265,276,277,279,282,283,284,285,287,288,289,290,291,292,294,296,297,302,304,305,307,308,309,310,311,312,313,315,316,321,326,328,329,332,333,334,335,336,345,346,347,348,352,354,356,358,360,362,363,364,369,370,372,373,379,383,388,391,395,403,406,409,411,413,414,415,416,420,421,423,426,427,428,430,431,432,433,434,435,439,441,442,443,452,453,454,456,458,464,465,466,467,468,470,473,484,486,487,489,491,492,495,496,497,498,503,506,508,512,513,514,518,519,520,522,525,528,529,535,536,540,545,547,556,557,558,561,562,563,564,565,566,567,569,573,574,576,578,583,588,589,591,592,593,595,599,600,601,602,603,605,610,612,624,625,626,631,632,633,635,636,637,638,643,650,652,653,654,655,657,661,662,663,664,665,671,672,673,674,675,676,677,678,679,680,681,682,683,686,687,688,689,690,691,692,693,694,695,696,697,698,699,700,703,704,705,708,709,710,711,712,714,720,721,722,723,727,729,733,743,747,748,749,752,755,757,758,761,763,765,766,768,770,772,773,779,780,781,783,791,792,793,794,795,796,797,798,800,801,803,804,805,806,807,808,809,810,811,814,815,827,830,831,838,839,846,847,848,852,856,857,858,859,860,876,877,879,883,891,893,894,895,897,900,901,902,903,904,905,907,915,916,917,918,919,920,921,922,923,924,926,927,929,934,937,938,939,941,943,945,946,948,949,952,954,955,956,957,961,964,966,967,970,971,972,973,974,975,979,984,985,986,991,992,993,994,996,997,1000,1001,1002,1003,1004,1006,1008,1009,1010,1011,1021,1031,1033,1034,1039,1040,1042,1043,1045,1046,1047,1051,1052,1053,1054,1055,1056,1062,1064,1066,1067,1068,1070,1071,1074,1075,1076,1080,1081,1082,1089,1090,1091,1092,1093,1094,1095,1097,1103,1104,1106,1107,1108,1111,1114,1115,1116,1117,1118,1119,1124,1125,1126,1128,1129,1130,1131,1132,1133,1134,1135,1136,1137,1139,1143,1144,1145,1151,1154,1155,1156,1157,1162,1163,1164,1165,1166,1168,1169,1170,1171,1172,1173,1175,1182,1183,1184,1185,1186,1187,1188,1191,1193,1195,1197,1198,1200,1201,1202,1204,1205,1207,1208,1216,1218,1220,1222,1224,1225,1226,1227,1229,1230,1231,1232,1233,1234,1235,1237,1238,1239,1243,1246,1247,1248,1249,1250,1254,1258,1259,1261,1262,1263,1264,1266,1267,1270,1271,1272,1274,1276,1277,1280,1281,1283,1285,1289,1290,1292,1294,1303,1304,1306,1307,1309,1310,1311,1312,1313,1315,1319,1320,1321,1323,1326,1328,1331,1332,1333,1334,1335,1336,1337,1338,1339,1340,1341,1342,1343,1349,1350,1351,1352,1355,1356,1362,1364,1365,1366,1370,1371,1378,1380,1381,1382,1386,1390

Query: transonic AND nozzle
Stemmed query: transon AND nozzl
Matched documents: 3
118,157,750

Query: transonic OR nozzle
Stemmed query: transon OR nozzl
Matched documents: 140
38,97,118,121,124,127,131,136,157,166,172,173,174,177,197,212,213,214,215,216,217,218,219,221,235,236,252,276,282,301,312,313,315,335,341,344,347,358,377,404,415,430,431,433,439,440,466,467,468,469,496,503,511,516,519,521,526,529,575,591,603,604,608,625,636,638,656,685,691,692,693,694,696,709,721,750,757,773,774,780,795,796,797,798,799,800,801,815,876,879,880,903,916,917,918,919,924,927,942,949,964,965,970,971,974,991,993,997,1006,1009,1010,1114,1143,1153,1154,1157,1187,1195,1224,1230,1232,1274,1288,1290,1292,1296,1297,1313,1315,1319,1320,1326,1338,1341,1349,1350,1351,1353,1354,1366

Query: excitation AND noise
Stemmed query: excit AND nois
Matched documents: 5
209,722,725,909,911

Query: excitation OR noise
Stemmed query: excit OR nois
Matched documents: 47
65,100,110,113,129,137,138,151,168,209,219,220,236,296,317,552,589,608,640,649,658,720,721,722,723,725,727,729,764,790,804,805,806,807,810,811,899,908,909,911,997,1195,1244,1286,1298,1316,1329

Query: mass AND flutter
Stemmed query: mass AND flutter
Matched documents: 6
380,442,701,747,874,1290

Query: mass OR flutter
Stemmed query: mass OR flutter
Matched documents: 121
14,15,16,17,32,44,52,69,77,84,89,100,121,123,125,128,151,166,173,183,201,202,216,274,285,303,305,337,338,344,353,355,362,363,364,365,366,380,390,391,414,441,442,444,480,481,486,496,525,530,540,553,569,576,577,591,592,593,595,599,608,623,625,627,634,643,645,646,658,685,686,701,704,719,746,747,748,749,753,764,766,773,781,856,857,858,859,864,874,876,878,879,880,894,899,914,948,1007,1008,1010,1036,1061,1111,1112,1139,1154,1159,1185,1199,1216,1241,1270,1272,1290,1317,1328,1337,1338,1339,1341,1369
